geneID cond1 cond2 cond3 cond4 cond5 cond6 cond7
gene0 -1.43292125022 -1.09068950258 0.68953205022 0.0672614880171 1.53164572661 0.789732713532 -0.554561225575
gene1 -0.590525626476 -1.02403926964 0.885411034431 1.13568288484 1.23907981564 -0.257312717765 -1.38829612102
gene2 -1.19519089868 -0.946319630539 0.242805320821 -0.232268954666 -0.37371340422 0.450251841256 2.05443572603
gene3 1.24941084294 1.86599302755 -0.546852496222 -0.696378729676 -0.577733262147 -0.619932337708 -0.674507044734
gene4 -0.325765510693 2.15308584693 -0.134676173775 -0.063539296101 -0.108100829346 -0.0299163547262 -1.49108768229
gene5 0.912981679191 1.602147996 0.498498382485 -0.284793445407 -0.627834777977 -0.472269146521 -1.62873068777
gene6 -0.211439697032 0.308856881621 0.0285875869634 -1.60319796171 -0.30899160559 -0.246674212459 2.0328590082
gene7 -0.305829283972 1.68951283315 -0.235825239806 -1.16995362754 -1.04178719428 -0.166759768199 1.23064228065
gene8 -1.0896284893 -1.21589299842 -0.321071555762 0.475988777218 0.0684909322064 0.0838804199299 1.99823291413
gene9 -0.829334361503 -0.837822813458 -0.133375600674 -0.208861781995 -0.421360511998 0.11605606911 2.31469900052
gene10 -0.948352603685 -1.64253422274 0.714571223945 0.784563923719 -0.0937326644596 1.47735612847 -0.291871785252
gene11 -0.193966143259 -1.86754865361 0.0436089214589 0.234900170733 -0.240757574143 1.82175391933 0.202009359495
gene12 -1.13527388275 -1.07589208068 -0.000730167110072 -0.146386623326 -0.0345427141548 2.10969795943 0.283127508586
gene13 -1.35313637853 -1.16796667351 -0.256658314408 0.27072284641 -0.126146461931 1.01413014935 1.61905483262
gene14 -1.98593907609 -1.03461582887 0.26975860165 0.744545178733 0.736939490809 0.704809296588 0.564502337183
gene15 0.969795619562 -0.531018035503 1.36663801928 -0.206852676661 0.508746133192 -0.220638794272 -1.8866702656
gene16 -0.35281932201 -1.88724899442 1.236208165 0.103915180081 1.23211121339 0.151356258153 -0.483522500188
gene17 -1.52000721103 -0.695715172245 0.181684260475 0.226159567241 -0.621942403755 0.589381161222 1.84043979809
gene18 1.54706422719 1.15122816614 -0.260124990585 0.26379703574 -0.628487448308 -0.489307123791 -1.58416986639
gene19 -0.705365475896 -0.0185488107384 -0.669279133586 -0.406546435203 -0.293156625052 -0.297585293309 2.39048177379
gene20 1.17473791984 1.28628773509 0.764010575774 -0.569178109811 -0.213473672012 -1.34282054137 -1.09956390751
gene21 1.69499607172 1.04238350186 -0.114979604729 -0.416444799587 0.140985051402 -1.37326674056 -0.973673480108
gene22 0.710390887129 -0.555468146163 0.382421952494 -0.58595995717 1.33585150918 -1.88543462982 0.598198384347
gene23 -1.06659061335 -0.848966904552 -0.368437707578 0.0571677791386 -0.480591798936 0.609869183727 2.09755006155
gene24 -1.39522869731 -1.19064204417 0.121218494774 -0.150209960103 0.175108945426 0.676006095414 1.76374716597
gene25 0.312222763641 -0.221204455979 2.04918313466 0.527810997932 -0.912080142064 -0.911953368306 -0.843978929885
gene26 2.01609363678 -0.670723779162 -0.0792247285347 -0.2099712623 0.761868501942 -0.591177724687 -1.22686464404
gene27 -1.48006273474 -1.43739904688 0.604434335854 0.765640807156 1.20978520307 0.537028885574 -0.199427450036
gene28 -0.757197315391 -0.899144269461 1.72939068667 0.406797937244 0.591067496231 0.341789944752 -1.41270448004
gene29 -0.808539436069 -1.69883840469 -0.567691107255 0.788859776593 0.453179923225 0.355146224786 1.47788302341
gene30 0.0240112248478 1.88243017995 -0.151911023919 -0.407797372434 0.826419728315 -1.41992186972 -0.753230867045
gene31 0.337562608619 2.31183715012 -0.516182489631 -0.345827581169 -0.635003842487 -0.366201316083 -0.786184529369
gene32 1.54982615107 0.629460586116 0.242388121994 0.487473004787 -0.148730234007 -1.1886847806 -1.57173284937
gene33 -1.24294436764 -1.02570475591 -0.321464699546 0.461269995135 0.646186366323 -0.392297331177 1.87495479282
gene34 -2.1435820215 -0.772506640867 0.836966993271 0.408752358437 0.562520643425 0.626737655069 0.48111101216
gene35 -0.863420047266 -0.394894185011 -0.906772729139 -0.327873924598 -0.545426372937 1.16181580706 1.87657145189
gene36 -2.10378975262 -0.131111753933 0.0265973873899 0.650599201532 1.38287300342 0.407783558438 -0.232951644226
gene37 0.873796600525 0.0589667603764 0.0266685432106 -1.11399371188 -0.94391554982 1.87154847665 -0.773071119065
gene38 0.894614555862 1.61088455803 0.493942436494 -0.35365855844 -0.364607132865 -1.64100886198 -0.640166997101
gene39 -1.40939453374 -1.22998938353 -0.273965799694 -0.0225252481915 0.395874662629 1.41603268454 1.12396761798
gene40 1.02585887495 1.99725719316 -0.417452658024 -0.600670257465 -0.434655306723 -0.756883923675 -0.813453922223
gene41 1.92224180206 0.478253840979 -0.260889343907 -1.03404833591 0.598209883705 -1.10651405145 -0.597253795485
gene42 -1.30288001034 -1.45978511535 -0.219465444087 0.402308299494 0.160585218845 1.1411624132 1.27807463822
gene43 -1.27645416337 0.236091774478 -0.0142841812679 -0.443154011914 -0.179280820533 -0.517905629862 2.19498703246
gene44 0.947037604856 1.24960845957 0.8059168143 -0.412618476292 0.0509974052641 -0.979916207027 -1.66102560067
gene45 2.04869351789 0.53548980422 -0.221605391012 -0.723149561044 0.282921239433 -0.870917217459 -1.05143239202
gene46 0.188378092502 -0.452717834845 1.08307879673 -0.981952627289 -1.6603942496 1.23007094132 0.593536881177
gene47 -1.7037253044 -1.26711216829 1.09394652401 0.871750694946 0.12287866623 0.696851977457 0.185409610042
gene48 -1.2872566141 -1.5297373787 1.05375069265 0.429909766261 1.29261952316 0.154459550625 -0.113745539888
gene49 -0.948690446735 -1.50388582923 -0.221759879765 -0.116641753502 0.0440091181019 1.39186283095 1.35510596018
gene50 -0.588929243888 1.55051818109 -0.972005995301 -0.705361644989 0.211239753463 -0.895516001963 1.40005495158
gene51 -1.60116638606 -0.925039835764 -0.113342907753 0.71430655852 -0.349720512215 1.55428729996 0.720675783312
gene52 0.282604564496 -1.67733752263 1.40930628647 0.239528821618 0.546760636249 0.449132446558 -1.24999523276
gene53 -1.00537851748 -1.28098748945 0.950150926118 1.27279229507 0.641362310217 0.500696439303 -1.07863596378
gene54 1.22176017692 1.69385705842 -0.941267734748 -0.864977855849 -0.68820789824 -0.680506938704 0.259343192208
gene55 1.85825105229 1.1614220186 -0.249045782045 -0.737612287486 -0.300835105537 -0.841791010434 -0.890388885383
gene56 0.396933714238 1.55837292027 0.458170299125 -0.0798897575623 0.285541842064 -0.723833119651 -1.89529589849
gene57 2.06974574352 0.704888820863 -0.342415820943 -0.862377239312 -1.05958870088 -0.484728267295 -0.0255245359526
gene58 1.74432877256 1.13705149778 0.0192978456373 -0.624503714572 -0.158203579634 -1.0036448529 -1.11432596887
gene59 -1.06642802662 -1.70203693401 0.370796709736 0.620575952813 0.609646956865 -0.249962852174 1.41740819339
gene60 -1.1009914436 -1.73126485555 0.406078426541 0.112212122109 0.846058921629 1.37421026298 0.093696565885
gene61 -1.27419209756 -0.853778887264 0.419164863155 0.927443053612 0.917940959238 1.10638206051 -1.24295995169
gene62 1.64642939943 1.45679634854 -0.42589795439 -0.975001060369 -0.686055187048 -0.662930554721 -0.353340991445
gene63 -1.2049880338 -1.40478527968 0.592183247452 0.302838130787 0.614831656255 -0.486683470617 1.58660374961
gene64 -1.04507412215 -0.418541928581 -0.0433479877828 -0.648384158201 0.47244939795 -0.513371446986 2.19627024575
gene65 -0.800373658812 -0.641608822085 -0.434875580875 -0.297015388232 -0.560935237946 0.468469531821 2.26633915613
gene66 -0.599071055383 -0.684965589917 -0.469896173241 -0.513413395018 -0.490879378877 0.472836483654 2.28538910878
gene67 -1.0913821473 1.94227383799 0.376644599016 0.394796507313 0.101002249944 -0.512677112331 -1.21065793462
gene68 1.00296927191 0.113087146796 0.608539640901 -0.110033760815 1.23604795974 -1.36193308495 -1.48867717357
gene69 -1.36980691404 -0.849031463731 1.14913937852 0.0488849310893 -0.35155706955 -0.31745029666 1.68982143438
gene70 0.147471853468 0.461985863387 0.302005607952 1.03725062621 0.351752715776 0.0388674718462 -2.33933413864
gene71 1.32340479274 1.69040217144 -0.0460135056528 -0.755120948588 -0.38904690588 -0.863580568128 -0.960045035933
gene72 -0.181539395896 -0.0537238478929 1.81896082738 0.294302532411 -0.116106964849 0.119880621903 -1.88177377306
gene73 1.8690927258 0.923039685139 -0.0192783927712 -0.555635523379 -0.136586004255 -0.755521482438 -1.32511100809
gene74 0.675974794892 -1.44654887604 -0.883787759992 -0.384054393638 0.128110891654 1.87192150594 0.0383838371835
gene75 1.65398240653 0.639965439306 -0.0465320577405 -0.764524668434 0.605480934415 -0.443824821482 -1.6445472326
gene76 1.14221617454 0.744457926907 0.431676947938 -0.557227741132 0.950586591373 -1.17700207 -1.53470782963
gene77 -0.202891434616 -0.748611588983 0.826648515179 0.643046604874 1.64929665741 -0.742880886859 -1.424607867
gene78 1.94647187137 1.02466547945 -0.20577681271 -0.596025233369 -0.366616691933 -0.854387312312 -0.948331300494
gene79 1.51972657762 1.5553280475 -0.201375276621 -0.669641275427 -0.409820301998 -0.84784952505 -0.946368246025
gene80 1.00552408339 1.86935737749 -0.0382630313593 -0.329459516947 -0.483272464962 -0.78522067498 -1.23866577263
gene81 -1.06672696185 -0.155959088112 0.276017195853 -0.974246381952 -0.81522554587 0.918291019152 1.81784976278
gene82 2.01467665389 0.841273831491 -0.675449885176 -0.436025943806 -1.1493723636 -0.508329406669 -0.0867728861251
gene83 -0.960393220674 -1.37650178953 0.874742458779 0.395472749971 1.39896652158 0.624109782687 -0.956396502811
gene84 1.06590662154 1.75976820924 -0.842892056209 -0.265765020146 -0.386694036958 -1.35492558085 0.0246018633878
gene85 -1.8122523078 1.00093745151 0.488202191196 -0.220284653157 -0.69651112479 -0.145939002958 1.385847446
gene86 0.599352133985 1.28327857789 1.22961709676 -0.631456511235 -0.0152647575265 -1.08505746686 -1.38046907302
gene87 -0.419263421687 0.637595619227 0.60788422646 0.765868168342 -0.0306986345535 0.675622108023 -2.23700806581
gene88 1.44393886595 0.736717577777 0.431441258749 -0.442378026309 0.505080820054 -1.05627536306 -1.61852513316
gene89 -0.00674808152781 -1.29762865534 0.605002760862 0.781745384648 1.02843188166 0.598796353262 -1.70959964357
gene90 1.48149739714 1.50070462367 -0.169451758832 -0.452203174469 -0.252996616202 -0.921567628425 -1.18598284288
gene91 -0.779519577605 -0.504987406513 -0.577466665394 -0.0333798336285 -0.452672903485 -0.0178819930955 2.36590837972
gene92 -1.64584553738 -1.50572502971 0.595140615203 0.797057778703 0.624564322375 0.583468258728 0.551339592084
gene93 -0.197497299858 -1.23250084485 0.679721084074 -0.493091788053 2.07610428163 -0.216563960786 -0.616171472155
gene94 -0.927571679554 -0.393032272985 0.764307706601 0.321945696938 0.316919478692 1.57015500648 -1.65272393617
gene95 -1.05352992723 -1.01144432361 -0.594188078629 0.230025354722 -0.244358887343 0.693481808841 1.98001405325
gene96 -1.51022663008 -1.2157682953 0.455188115043 -0.0817462857096 -0.0478753770922 0.931957061862 1.46847141128
gene97 1.3252852782 1.27415964718 0.164333298364 -0.483139392186 0.136935821365 -0.751282135656 -1.66629251727
gene98 -2.09393503695 0.333927923742 0.287750782017 -0.577415495085 0.510874877321 1.33631022727 0.202486721682
gene99 0.756666286802 0.853602079668 -1.03889516317 -0.959976639498 -0.161045041 1.60165676045 -1.05200828325
gene100 -0.715472327742 -0.512613451326 -0.500963796075 -0.271596818388 -0.498251282421 0.124704844183 2.37419283177
gene101 -1.37874804845 -1.20886361776 0.600666205864 -0.00500228987133 1.01394065624 1.42989489738 -0.45188780341
gene102 -0.716689923151 -0.949607877449 -0.658563442834 -0.402554649251 -0.375353789003 1.42030459148 1.68246509021
gene103 -1.06884917232 0.44188059925 -0.0207370943502 0.114128624925 -1.74476944566 1.0713653014 1.20698118675
gene104 -0.216731983183 -1.11144246907 2.00821510648 0.855265589817 -0.322448691361 -0.367859224359 -0.84499832833
gene105 1.28824800174 0.894367205408 0.568979046581 -1.99317494412 -0.317360515335 -0.372280423347 -0.068778370927
gene106 -1.15026436549 -1.45023135685 -0.390478091489 0.801325825149 0.219081884211 1.61359922467 0.356966879801
gene107 1.74468883584 1.38752160877 -0.448317856295 -0.660207663287 -0.535864429574 -0.740305241881 -0.747515253571
gene108 -0.414527023926 -1.33795140671 1.47467056842 0.916738904624 0.794500471209 -0.289869224529 -1.14356228909
gene109 0.308903863983 0.89542197456 0.896891642538 0.664845602076 0.0660193166558 -0.767327207689 -2.06475519212
gene110 1.66155165346 0.360460001534 -0.728157791113 -1.18328764833 -0.294462757308 -0.926706228513 1.11060277027
gene111 0.826265166569 0.318723200487 -1.26271608847 1.11750793842 -0.524759546667 0.984011376264 -1.45903204661
gene112 1.36665682476 0.82476019515 -0.692329752724 -0.591297863831 -0.433011012928 -1.5263539535 1.05157556308
gene113 -1.22659768153 -1.15547065011 -0.218187234716 1.41212967318 0.96779291958 0.870999377889 -0.650666404287
gene114 1.31119397982 -0.234897339581 0.426540433137 0.267429118235 0.28753132399 0.148428499772 -2.20622601538
gene115 -0.0191199776027 -1.30417522782 -0.922103765916 -0.170708723027 0.0936032847149 0.235625488217 2.08687892144
gene116 1.59508253737 1.44708665845 -0.310130104904 -0.659783482726 -0.221794853276 -0.739675107755 -1.11078564715
gene117 -0.803264004393 -1.06146920859 0.457553018547 0.0019358980337 0.19617852345 2.06214832123 -0.853082548276
gene118 2.03849524239 0.998919832057 -0.588230983295 -0.639323297435 -0.597463008693 -0.610078723545 -0.602319061483
gene119 1.19032935931 1.10328294786 0.886495489754 -0.705966790614 -0.324804588737 -0.497477663247 -1.65185875432
gene120 -0.96723996035 -1.37033129077 -0.207851726596 -0.132497919366 -0.138606369847 1.67308085847 1.14344640846
gene121 -0.476595835318 -1.65786420593 0.21802743984 0.931618325224 1.26555904579 0.716320531246 -0.997065300856
gene122 -1.78396562367 0.841757971353 0.957462681636 -1.14523327986 0.153878615364 0.0518433056803 0.924256329492
gene123 -0.658053631604 -1.42967593168 0.836273803711 0.112521663134 1.08336101621 1.17577649516 -1.12020341494
gene124 2.2140521898 0.603122690491 -0.345591028699 -0.53532270087 -0.417769988979 -0.778903912697 -0.739587249048
gene125 1.43952577175 1.36208757665 -0.0158022636853 -0.371039207642 -0.0341149471497 -0.967129403275 -1.41352752664
gene126 0.598931922454 -1.60732003939 0.996662202301 0.137151015157 0.602738712639 0.735293295903 -1.46345710907
gene127 -0.771902156352 -2.01458551925 0.169847031485 0.886351339672 -0.0145947465912 0.938101574733 0.806782476302
gene128 -0.897777803294 -0.756999071369 -0.320163745525 -0.298088032449 -0.0791408658547 0.0234850619722 2.32868445652
gene129 -1.21076229693 -1.45247448676 0.951099389681 0.281344956571 1.29631982655 0.680074358175 -0.545601747297
gene130 0.627302003136 0.397693669647 -1.10157749767 -1.00062761439 -0.685589292129 -0.169752615382 1.9325513468
gene131 -1.18960695687 -1.78159236946 0.391050866957 1.26609710388 0.208337475679 0.561077781722 0.544636098083
gene132 -0.875070560543 -0.186035238833 1.31414593185 0.468644103376 1.40269258996 -0.941771164962 -1.18260566085
gene133 0.969331489008 -0.348934967349 0.418255605286 0.421796900266 1.07635241982 -0.490719826848 -2.04608162018
gene134 1.01913307378 -0.534431303776 1.41049935696 0.968184202188 -0.851603459511 -1.00626264995 -1.0055192197
gene135 -1.56986719224 -0.822063720547 0.360509099767 1.1656245028 1.26532380479 0.387699902472 -0.787226397044
gene136 -0.995370552889 -1.8109266765 0.819550258206 0.482199538818 0.264794442484 1.32236961913 -0.0826166292481
gene137 1.51439902645 0.139414968053 0.334329892918 0.234571034562 0.524909407535 -0.888987766835 -1.85863656268
gene138 1.29119135167 1.6898646635 -0.1436883319 -0.684999546016 -0.190377650635 -1.09580946931 -0.86618101731
gene139 1.42057333658 1.61729928911 -0.156277170143 -0.710154892977 -0.302851774327 -0.929785961277 -0.938802826966
gene140 -0.818473088836 -1.21042358411 -0.0774548892373 -0.102295080214 -0.259457339799 0.302540782913 2.16556319928
gene141 -1.47559447581 -1.14429847904 0.13849120824 0.208573963305 0.220644368446 0.221074099086 1.83110931577
gene142 0.136151540195 -1.08296085256 0.507389253159 -0.446581694051 1.74067435367 -1.416426704 0.561754103592
gene143 0.29821164634 0.494637131683 0.824142821152 -0.0716075939646 1.22116231799 -0.807105565023 -1.95944075818
gene144 -0.872459395279 -1.67377145899 0.76073681559 0.582762185461 0.820007042273 1.13298885726 -0.750264046322
gene145 0.489322195117 0.548010364725 1.66674811036 -0.00119781688055 -0.476210593535 -0.414627848225 -1.81204441156
gene146 1.95961142375 1.09743300737 -0.436505391124 -0.691901714537 -0.467595556664 -0.717640792782 -0.743400976007
gene147 -0.414778710019 -1.62439805233 0.69744742484 0.839857039206 0.654901880016 1.05416892568 -1.2071985074
gene148 -1.3330022102 1.57962562227 -0.247666009258 -0.613456146414 -0.488872333093 -0.29758211111 1.4009531878
gene149 1.29494573803 1.04246246503 -0.881890459831 -1.05410739671 0.920433881733 -0.101154418967 -1.22068980929
gene150 -1.38109331473 -0.535827672294 -0.102946415268 -0.167343120012 -0.511453602816 0.692107040422 2.0065570847
gene151 0.192390366061 0.690998669958 1.27296185639 -0.274353982027 0.865224213125 -1.00783747622 -1.73938364729
gene152 -0.0852061465164 -1.80957197431 0.633634387063 0.694246563934 0.67920575996 1.0317545431 -1.14406313323
gene153 -1.518395788 -0.964750143131 0.530614775146 1.04201812928 1.43582126639 0.0510499514051 -0.576358191088
gene154 1.57554564734 0.286699831406 0.627437515373 -0.510592528754 0.517760702118 -0.803528105214 -1.69332306226
gene155 -1.16074981906 -0.504032954589 0.148167687496 -0.831396099161 -0.0300904411465 0.225503099464 2.15259852699
gene156 1.46418803795 1.33966356791 0.00697265208318 -0.549362478522 0.0635344326962 -1.00006835761 -1.3249278545
gene157 1.47493022631 1.41462290883 -0.00038050815143 -0.591874194453 -0.0843570284459 -1.01309857218 -1.19984283191
gene158 -0.987556004395 -1.24811818922 0.556314921151 0.111156143156 -0.414064004916 -0.0111018464533 1.99336898067
gene159 -0.131505639667 -0.893484067139 2.08996446523 0.765386417506 -0.626464115655 -0.363743470975 -0.840153589297
gene160 1.06742812184 0.307892739675 0.772773866408 -0.587796610866 0.994629772231 -0.743610819872 -1.81131706942
gene161 -1.05308495639 -1.15746496903 1.69703083511 0.17619347503 -0.466085199759 1.14344634675 -0.340035531712
gene162 1.54981210275 1.27975869809 0.155983641195 -0.599788169411 -0.131738716755 -1.03071171279 -1.22331584309
gene163 -0.677639623987 -1.38845996582 1.27268886573 0.318185045451 1.51885011277 -0.379469064097 -0.664155370049
gene164 1.9502266838 0.891048824432 -0.0998788417935 -0.708408666416 -0.0949172957929 -0.925671010418 -1.01239969381
gene165 0.365915876714 0.0783926343086 1.65304136512 0.11716657533 0.0526597255674 -0.255843977376 -2.01133219967
gene166 1.69394039694 1.05836624984 0.0982236928032 -0.652503950729 0.0522070314718 -0.982784851201 -1.26744856913
gene167 1.20771042719 -1.71392187862 0.848904629366 0.118391156197 0.934487567538 -0.803081492507 -0.592490409164
gene168 -0.937589156486 -1.67358542658 -0.0446483514516 1.28187762691 0.0703635898361 1.29218955724 0.0113921605286
gene169 -1.25232096487 -0.872101219839 1.53155067999 -0.362797840743 1.01683991299 0.730344271724 -0.791514839256
gene170 -0.389893921595 1.47527175914 1.20549450656 -0.408128216954 -1.21622093588 0.488459273213 -1.15498246449
gene171 1.70118069785 1.45137478013 -0.578552739207 -0.672430907148 -0.567480741162 -0.685416357955 -0.648674732508
gene172 -1.50254749901 -1.4755916489 0.913845783488 0.0133992443237 0.738017882982 0.254446675499 1.05842956162
gene173 0.851277142688 2.00115799196 -0.982969123418 -0.683794006719 -0.0798534247966 -0.221927839274 -0.883890740441
gene174 -1.11005862566 -0.485365805935 -0.404633901916 -0.2327239396 -0.77727944128 1.80494898212 1.20511273227
gene175 -1.12185869815 -0.386401443082 -0.325545190958 -0.453759357296 -0.142175414906 0.140575533821 2.28916457057
gene176 -1.12146048251 -1.03443394114 -0.38865947968 -0.0806441544206 -0.117030645776 0.762382952249 1.97984575128
gene177 -0.778432606889 -1.80292401891 0.704513278051 0.656385801078 1.25409705416 0.550190453518 -0.583829961005
gene178 -1.45192063337 -1.06123357851 0.261530490142 0.26162068319 0.276894935376 -0.164432161666 1.87754026483
gene179 -0.941235623384 -0.999298135081 -0.0898579672986 0.185785201271 -0.0723873251393 -0.312371972551 2.22936582218
gene180 -1.32956636261 -1.6896482379 0.108689558141 0.628882817995 0.376541312795 0.870249183441 1.03485172814
gene181 -1.1178730903 2.16311740018 -0.0378157703759 -0.681002910276 -0.725529486186 0.204694451218 0.194409405731
gene182 -0.134144528926 -1.82791003686 0.147913566415 1.37078603965 1.17650539733 -0.575019001216 -0.15813143639
gene183 -1.56220318741 -1.35588894891 0.579017339002 -0.181348386395 1.00198500193 1.07237787116 0.446060310622
gene184 0.17898221752 -1.61330752012 0.731217986265 0.876762898068 0.821133361073 0.475423284253 -1.47021222706
gene185 -0.124106415674 -0.627343129392 -0.653968500659 -0.809625315006 -0.868322579243 1.52916531203 1.55420062794
gene186 1.57071147267 0.773152555286 0.194844988237 0.0233379332787 0.11812675632 -0.958660654195 -1.7215130516
gene187 0.877763345074 0.0213165686852 0.765039661994 0.0343327845776 1.01248501938 -0.668847966092 -2.04208941362
gene188 -1.55310594715 -1.44591335768 0.0409769051757 0.358435359987 0.651390872374 1.12403853274 0.82417763455
gene189 1.18940606571 1.65281450029 0.0106601836209 -1.02465525444 0.0679051294022 -0.923381013817 -0.972749610764
gene190 -1.35166102007 -0.814288876367 -0.60705731624 -0.0549874601739 -0.0236869629544 1.23636950282 1.61531213299
gene191 -0.213079741787 1.46870936461 0.764445896648 0.348195192631 0.232909485787 -0.728507777356 -1.87267242053
gene192 -1.49214870838 -0.647863904037 1.51203743446 0.471294766108 0.491599280836 0.712209098769 -1.04712796776
gene193 1.60426626143 0.256185846991 0.593776512834 -0.0542532274768 0.369710418834 -1.25654818652 -1.51313762609
gene194 1.96043665632 0.87562610141 -0.0458852203766 -0.622734386277 -0.187596499479 -0.940050240599 -1.039796411
gene195 -1.81543552167 -1.22034404987 1.11236213017 0.646114644614 0.33235401774 0.512582576932 0.432366202081
gene196 -0.663813816022 1.81331362246 0.970355476347 -0.162070173702 0.152658700233 -1.21815934311 -0.892284466198
gene197 -1.29177545568 -1.16787488327 0.66310290122 0.580853269812 0.491623675152 1.52101228957 -0.796941796806
gene198 -0.81934468162 0.570635523548 0.940538228186 0.464381910692 -0.1404073971 0.969789646982 -1.98559323069
gene199 0.713382556453 0.445613304286 1.60899370629 0.457526312117 -0.94348115941 -1.12826767658 -1.15376704315
gene200 1.13595459108 1.90841114102 -0.361796215196 -0.647408483662 -0.379032892861 -0.792753340534 -0.863374799842
gene201 1.9024913698 1.04397599484 -0.166218255442 -0.639731609593 -0.277224134091 -1.0747748871 -0.78851847842
gene202 -0.249431833517 -1.91122153181 0.61064375418 0.362986466013 0.933743470206 1.09525195868 -0.841972283758
gene203 -0.991667444023 -0.860347551361 -0.460588001543 0.436739672055 -0.254674379035 -0.0614654622931 2.1920031662
gene204 -0.953934471515 -1.3685527368 0.392446341224 0.405831581315 0.883165927267 -0.886314821414 1.52735817992
gene205 -1.36035929301 -0.569602215559 1.774746795 -0.982023632059 0.0680728259686 0.794089932961 0.275075586693
gene206 -0.850389363577 -1.00337893939 0.480106477767 0.513173423677 0.0295891580528 1.90376194562 -1.07286270216
gene207 1.65974471608 1.40137951167 -0.502348920995 -0.545559907143 -0.167673933414 -0.911223193161 -0.934318273033
gene208 1.72644462791 1.41597668737 -0.526290904911 -0.657111557146 -0.520767420019 -0.727461007471 -0.710790425734
gene209 -1.01554234947 -1.55714988955 -0.161522722853 0.204837827316 0.952318490474 -0.0255475605786 1.60260620467
gene210 -0.831596241426 0.248238455125 -0.386972445329 1.84065955377 -0.122853340236 0.725033363641 -1.47250934554
gene211 -1.37889645097 -1.03473608458 -0.00493144365965 0.13364712594 -0.250353416139 0.661992733226 1.87327753618
gene212 1.12299509825 1.73259611753 -0.628734160755 -0.792454124991 -0.864313441513 -0.919144018851 0.349054530329
gene213 -0.811909435341 1.99365125112 0.313128021745 -0.135268838559 0.460584131542 -1.3466336539 -0.473551476599
gene214 0.232223332923 -1.13129012417 0.0751387687413 0.982278501467 0.564840903482 1.07283624434 -1.79602762679
gene215 1.80480068093 1.26800255125 -0.274592679601 -0.840492804545 -0.432830098863 -0.801505776617 -0.723381872551
gene216 1.49308905864 -0.0462927334267 1.22029375859 -0.354958505312 0.15093697589 -1.01097325887 -1.4520952955
gene217 0.421577030627 1.83951850419 -0.552009105253 -1.21750736774 -0.47078297604 -0.855842715261 0.835046629484
gene218 -0.323588058716 2.19853915919 -0.561839778167 -0.81941623271 -0.676025471624 -0.457003037099 0.639333419127
gene219 -0.342973688327 -1.84406345577 0.129115260207 1.80823609081 0.0642320906046 -0.20230552862 0.38775923109
gene220 -0.974524466572 -1.56798223777 -0.2708765248 1.0708754934 0.527112968568 -0.215450552812 1.43084531998
gene221 -1.34412983408 0.571316242261 -0.553647419165 -0.93577725924 -0.354857761622 1.04952258681 1.56757344504
gene222 -0.911111668859 -0.966785277184 -0.569992447584 -0.0815076766653 0.41871431333 -0.0628836294163 2.17356638638
gene223 0.137761482251 1.18776428701 0.684763052521 1.04263984632 -1.79476887519 -0.601141234498 -0.657018558414
gene224 -0.876346978873 -0.706959247836 -1.1150858175 -0.496223927344 1.07236905879 1.70943998804 0.412806924726
gene225 -1.85800536783 -0.464031257662 0.123901438074 1.27247274426 1.27867119812 -0.158546505129 -0.194462249832
gene226 1.19348195504 1.59394075502 0.213938178032 -0.0873801557346 -1.0340944987 -0.670488761848 -1.20939747181
gene227 -1.1045171295 -0.723378679211 0.869179108688 -0.0635249905586 0.230970308026 1.83279521027 -1.04152382772
gene228 -0.133247614251 -1.11369570358 -0.499951639996 -0.163010156447 -0.10841027547 -0.297909959383 2.31622534913
gene229 2.09510963188 0.835402142626 -0.307031480343 -0.726451012274 -0.524630612993 -0.878088826136 -0.494309842763
gene230 1.78472094925 0.836432089673 0.43315305946 -0.9511860345 -0.0963953174476 -1.00092451064 -1.00580023579
gene231 0.587894755772 1.55117572188 0.769800473562 -0.741437048697 0.281728191978 -1.34150776153 -1.10765433296
gene232 1.05063325741 1.94594181779 -0.555979740024 -0.311961080889 -0.801406541019 -0.963637078638 -0.363590634625
gene233 -1.26671024303 -1.37846383707 0.230542535094 -0.213464237693 0.156317509265 0.837588566437 1.63418970701
gene234 -1.83081599896 -0.891078542616 0.482892951471 0.719741275631 0.650871556131 1.2411006321 -0.372711873755
gene235 0.548773207388 1.19134700025 0.908168035316 -0.479756160865 0.561439558016 -1.06248112388 -1.66749051622
gene236 0.932030812042 1.34956355917 0.366950369379 -0.175409758203 0.0641551993219 -0.58984505195 -1.94744512976
gene237 1.57622523737 0.691121710114 -0.275198253752 -0.714227849145 0.949791226765 -1.29899837643 -0.928713694915
gene238 0.875413602593 0.175287672375 1.09561011621 0.0549105505517 -0.427038911899 0.386353343935 -2.16053637376
gene239 -1.27319333659 -1.74732314814 0.151640625767 0.37143773369 1.0007822894 0.895510012546 0.601145823319
gene240 -0.768136007634 -1.15161241045 -0.428347704709 -0.523429234483 -0.109846706291 1.19918987343 1.78218219013
gene241 1.01745165302 -1.6359928357 1.18707591951 -0.337620341448 -0.21208709191 0.917954849309 -0.936782152777
gene242 1.14290185905 -0.264979587003 1.71423892544 0.0261302965072 -1.36985506195 -0.743515365977 -0.504921066063
gene243 1.23521514803 0.997208682137 0.38148735668 -0.267687192588 0.472726257852 -1.2279276541 -1.59102259802
gene244 -0.564384352864 -0.541099167029 -0.111161342875 -0.305116270372 -0.42686367153 2.42387221523 -0.475247410561
gene245 0.229651364491 -1.25465768256 1.17580674637 0.483692239566 0.632068383766 0.496988418382 -1.76354947002
gene246 1.9472281406 0.708591292049 0.270186586597 -0.642800843017 -0.196873268443 -1.09244949756 -0.993882410235
gene247 2.1037148305 0.882156650598 -0.527654286178 -0.634117609345 -0.549542191619 -0.663872605222 -0.610684788735
gene248 -1.0286969092 -1.0300404359 -0.476971778012 0.329358186686 0.261552915845 -0.164546652218 2.10934467281
gene249 2.37374287524 0.174531579327 -0.573595824778 -0.600459278658 -0.483692672096 -0.359116690029 -0.531409989011
gene250 -1.42960366701 -1.65360384559 0.330941449257 0.646139640376 0.375595727953 0.697383535905 1.03314715912
gene251 1.93932495145 -1.16485499926 0.516049809377 -0.81940888374 -0.913418377198 0.14291646613 0.299391033236
gene252 1.31408771984 1.34211606697 0.151415399185 -0.33107844177 0.0763483507678 -1.08291427431 -1.46997482069
gene253 -0.980515595438 -1.09362145161 -0.526572046389 -0.00584157872609 -0.167535520489 0.799921392236 1.97416480042
gene254 1.08303435148 1.80087383316 -0.310788943619 -0.828766138476 0.125740163304 -0.800860287419 -1.06923297843
gene255 -0.866677229987 0.658110411325 0.943136571784 1.23053177391 -1.15529480054 0.530363091456 -1.34016981796
gene256 1.97342810944 1.09774958842 -0.597134804936 -0.667696090988 -0.605082316957 -0.673077052804 -0.528187432175
gene257 1.59253702095 1.50244931887 -0.451170100477 -0.291239100306 -0.56641729575 -0.925368946363 -0.860790896919
gene258 -0.649630957298 -1.23067967138 0.598260560133 -0.33104072572 1.6097081525 -0.999492340722 1.00287498248
gene259 2.11798770269 -0.00930726248543 0.156016807925 0.121271762854 -0.762476349292 -0.275202303406 -1.34829035829
gene260 -0.681174476882 -1.15591561183 -0.399569761445 -0.0145804664383 -0.49065235939 0.649744429701 2.09214824628
gene261 -1.50247042496 -1.13584206951 0.0849978614399 0.380361791751 -0.0602910671725 1.75034961501 0.482894293443
gene262 0.182194022688 1.76817060595 -0.463051552856 -1.29378264182 -1.19258632715 0.375493082735 0.623562810458
gene263 -0.0967451828751 -1.89732887569 1.28986887972 0.141212349068 0.879814857419 0.505975383819 -0.822797411463
gene264 1.79050971272 1.18092040267 -0.110822541076 -0.575763535034 -0.304631325325 -0.956229766972 -1.02398294698
gene265 0.0222855876922 -1.93497642506 1.13347132045 -0.567750079666 1.09456006367 0.583564133191 -0.331154600272
gene266 0.326929118397 0.00416990624797 1.04281032763 -0.0709160650689 1.04154134353 -0.180453873211 -2.16408075753
gene267 -1.24411857463 -0.521900724125 1.31148169786 0.371664097853 0.903690449996 0.630779190044 -1.451596137
gene268 2.09994847639 -0.904093125128 -0.131413435045 -0.225921649011 0.430733471859 -0.037346330609 -1.23190740846
gene269 0.493743678168 2.23219821278 -0.650549460301 -0.624255285411 -0.778231542499 -0.589981644527 -0.0829239582109
gene270 -1.28959535964 -1.57360554612 -0.14285864179 0.449167462465 0.882602388257 1.31565264487 0.358637051952
gene271 -1.11495246007 -1.15293624207 -0.232890454893 -0.0770309637971 -0.113667996071 0.740553277096 1.95092483981
gene272 0.0405813066246 -1.32558875665 0.57786604715 1.49417033685 0.35041187336 0.407245570575 -1.54468637791
gene273 0.32585257604 -1.33570274953 0.114446376682 0.56825033117 0.397946748127 1.48329430704 -1.55408758953
gene274 1.51591543268 -1.23572593602 0.218017950468 0.0825924692419 1.22254164229 -0.901588482364 -0.901753076305
gene275 1.45259073947 1.25888289277 0.131125649813 -0.618335433331 0.169777776448 -1.27158359435 -1.12245803082
gene276 -0.00086702372645 1.33227202072 0.638316209796 -0.230591344962 0.9963905283 -1.24508058854 -1.49043980159
gene277 -1.58956890336 -1.32121059916 0.412813936075 0.783337057553 -0.104528563602 0.536718968345 1.28243810415
gene278 0.456302479944 1.0984948955 -0.831774579406 0.0705609454941 0.953706507775 0.233649213525 -1.98093946284
gene279 -0.533184539231 -1.74276115995 -0.079525187315 0.451278735844 1.29742366773 1.19812690394 -0.591358421026
gene280 1.58132775512 1.02073072961 0.435803449146 -0.389266419083 -0.225256482971 -0.957669710336 -1.46566932149
gene281 0.588272794626 1.51192331395 -0.308361299966 -0.301283380545 0.894649431267 -1.71085493788 -0.674345921448
gene282 -0.800489112566 -1.46809600051 1.13142150937 1.00314792482 0.41999172974 0.779022473196 -1.06499852405
gene283 1.95549021211 0.813320601274 0.105113816253 -0.683823020882 -0.278884659086 -0.698944273803 -1.21227267587
gene284 -0.235579086957 -2.04023597619 0.568097010291 0.602441558778 0.643034227227 1.11879861889 -0.656556352041
gene285 1.91341718501 0.863938836974 -0.0463856280441 -0.703335903214 0.0191351875257 -1.00589013212 -1.04087954613
gene286 1.67440440517 -0.663645710775 0.520114835592 -0.839975756187 1.06941846348 -1.08854845873 -0.671767778546
gene287 -0.679347876734 -0.291349743914 1.49200625784 0.424310548408 1.14876239302 -0.530176505106 -1.56420507351
gene288 -0.607853800449 -0.617275983289 0.525899675303 1.07715691732 1.3839354269 -0.060781713848 -1.70108052194
gene289 -1.24998317223 -1.18210726596 0.883556735877 0.900580277178 1.45612045885 -0.375857891211 -0.432309142495
gene290 -0.0825836655073 -0.781519495367 0.443973852336 0.761108164569 1.81284804661 -1.08417958679 -1.06964731585
gene291 1.5587889261 1.47526747802 -0.183291378053 -0.68955441096 -0.270496832303 -0.835552299751 -1.05516148305
gene292 1.36229801857 1.52173503144 0.22322160238 -0.483836950908 -0.466080317963 -1.06732479679 -1.09001258673
gene293 -0.667715126815 -1.45177499108 -0.459424571513 0.17351551826 -0.267678041862 0.806913793424 1.86616341959
gene294 2.04111027187 0.672377274785 -0.0395089877865 -0.701997237057 -0.0301189367558 -0.947536044658 -0.994326340394
gene295 1.72248414415 1.01749724112 0.166610784797 -0.542541076808 -0.0581320018584 -1.0704155994 -1.23550349201
gene296 1.55916358958 1.40093614428 -0.139460765549 -0.721677240686 -0.1162823172 -0.782666424479 -1.20001298594
gene297 -1.10389244017 -0.336492645408 -0.224793652097 0.0434637359093 -0.278828185056 2.31628688222 -0.415743695398
gene298 1.95281403597 -0.708573237941 0.820290351265 -0.282534615192 -0.125337524249 -0.306903476715 -1.34975553314
